#Codes are in order from LEFT TO RIGHT. It skips the DIY codes. This is for a 27(?) pin remote. 

READY
1
Hash: 
B3D4B87F
For IR Scope/IrScrutinizer: 
+9200 -4400 +650 -500 +550 -600 +550 -550 +600 -550 +550 -550 +600 -550 +600 -500 +600 -550 +600 -1650 +550 -1700 +600 -1650 +600 -1650 +550 -1650 +650 -1600 +600 -1650 +550 -1700 +600 -550 +550 -550 +600 -1650 +550 -1700 +600 -1650 +600 -500 +600 -1700 +550 -550 +600 -1650 +550 -1700 +500 -600 +600 -550 +600 -500 +600 -1650 +600 -550 +550 -1700 +550 -127976
For Arduino sketch: 
unsigned int raw[68] = {9200,4400,650,500,550,600,550,550,600,550,550,550,600,550,600,500,600,550,600,1650,550,1700,600,1650,600,1650,550,1650,650,1600,600,1650,550,1700,600,550,550,550,600,1650,550,1700,600,1650,600,500,600,1700,550,550,600,1650,550,1700,500,600,600,550,600,500,600,1650,600,550,550,1700,550,};
irsend.sendRaw(raw,68,38);

2
Hash: 
4E39AB77
For IR Scope/IrScrutinizer: 
+9150 -4450 +600 -500 +600 -550 +600 -500 +650 -500 +550 -600 +550 -550 +650 -500 +500 -650 +550 -1650 +550 -1700 +600 -1650 +600 -1650 +550 -1700 +600 -1650 +550 -1650 +600 -1650 +650 -1600 +600 -550 +600 -1650 +600 -1650 +550 -1650 +650 -500 +550 -1700 +600 -500 +600 -550 +600 -1650 +550 -600 +550 -550 +600 -550 +550 -1650 +650 -500 +550 -1700 +600 -127976
For Arduino sketch: 
unsigned int raw[68] = {9150,4450,600,500,600,550,600,500,650,500,550,600,550,550,650,500,500,650,550,1650,550,1700,600,1650,600,1650,550,1700,600,1650,550,1650,600,1650,650,1600,600,550,600,1650,600,1650,550,1650,650,500,550,1700,600,500,600,550,600,1650,550,600,550,550,600,550,550,1650,650,500,550,1700,600,};
irsend.sendRaw(raw,68,38);

3
Hash: 
3195A31F
For IR Scope/IrScrutinizer: 
+9150 -4450 +550 -550 +550 -600 +600 -500 +600 -550 +550 -600 +550 -550 +600 -550 +550 -550 +600 -1650 +550 -1700 +600 -1650 +600 -1650 +550 -1650 +650 -1650 +550 -1650 +550 -1700 +600 -1650 +600 -500 +650 -500 +550 -600 +550 -550 +600 -550 +550 -1700 +600 -500 +550 -600 +600 -1650 +550 -1650 +650 -1650 +550 -1650 +550 -1700 +600 -550 +550 -1650 +650 -127976
For Arduino sketch: 
unsigned int raw[68] = {9150,4450,550,550,550,600,600,500,600,550,550,600,550,550,600,550,550,550,600,1650,550,1700,600,1650,600,1650,550,1650,650,1650,550,1650,550,1700,600,1650,600,500,650,500,550,600,550,550,600,550,550,1700,600,500,550,600,600,1650,550,1650,650,1650,550,1650,550,1700,600,550,550,1650,650,};
irsend.sendRaw(raw,68,38);

4
Hash: 
D7E84B1B
For IR Scope/IrScrutinizer: 
+9150 -4450 +550 -550 +600 -550 +600 -500 +650 -500 +550 -600 +550 -550 +600 -500 +600 -550 +600 -1650 +550 -1700 +550 -1700 +550 -1650 +600 -1650 +650 -1600 +600 -1650 +550 -1700 +600 -500 +600 -550 +600 -500 +650 -500 +550 -600 +600 -500 +600 -1650 +600 -500 +600 -1650 +600 -1650 +550 -1700 +600 -1650 +600 -1650 +550 -1650 +600 -550 +550 -1700 +600 -127976
For Arduino sketch: 
unsigned int raw[68] = {9150,4450,550,550,600,550,600,500,650,500,550,600,550,550,600,500,600,550,600,1650,550,1700,550,1700,550,1650,600,1650,650,1600,600,1650,550,1700,600,500,600,550,600,500,650,500,550,600,600,500,600,1650,600,500,600,1650,600,1650,550,1700,600,1650,600,1650,550,1650,600,550,550,1700,600,};
irsend.sendRaw(raw,68,38);

5
Hash: 
50C5D1F
For IR Scope/IrScrutinizer: 
+9150 -2200 +550 -127976
For Arduino sketch: 
unsigned int raw[4] = {9150,2200,550,};
irsend.sendRaw(raw,4,38);

6
Hash: 
A8E05FBB
For IR Scope/IrScrutinizer: 
+9150 -4400 +600 -550 +550 -600 +550 -550 +600 -500 +600 -550 +600 -500 +600 -550 +550 -600 +550 -1650 +550 -1700 +600 -1650 +600 -1650 +550 -1700 +600 -1650 +550 -1700 +550 -1650 +600 -550 +500 -650 +550 -550 +600 -1650 +600 -1650 +550 -600 +600 -1600 +600 -550 +550 -1700 +550 -1700 +550 -1700 +550 -550 +600 -550 +550 -1650 +650 -500 +550 -1700 +600 -127976
For Arduino sketch: 
unsigned int raw[68] = {9150,4400,600,550,550,600,550,550,600,500,600,550,600,500,600,550,550,600,550,1650,550,1700,600,1650,600,1650,550,1700,600,1650,550,1700,550,1650,600,550,500,650,550,550,600,1650,600,1650,550,600,600,1600,600,550,550,1700,550,1700,550,1700,550,550,600,550,550,1650,650,500,550,1700,600,};
irsend.sendRaw(raw,68,38);

7
Hash: 
3954B1B7
For IR Scope/IrScrutinizer: 
+9100 -4450 +650 -500 +550 -600 +550 -550 +600 -550 +550 -550 +600 -550 +550 -550 +550 -600 +600 -1650 +550 -1650 +650 -1600 +600 -1650 +550 -1700 +600 -1650 +600 -1650 +550 -1700 +600 -1650 +550 -550 +600 -550 +550 -1650 +600 -1650 +600 -550 +550 -1700 +550 -550 +600 -550 +550 -1650 +650 -1650 +550 -550 +600 -550 +550 -1650 +600 -550 +550 -1700 +600 -127976
For Arduino sketch: 
unsigned int raw[68] = {9100,4450,650,500,550,600,550,550,600,550,550,550,600,550,550,550,550,600,600,1650,550,1650,650,1600,600,1650,550,1700,600,1650,600,1650,550,1700,600,1650,550,550,600,550,550,1650,600,1650,600,550,550,1700,550,550,600,550,550,1650,650,1650,550,550,600,550,550,1650,600,550,550,1700,600,};
irsend.sendRaw(raw,68,38);

8
Hash: 
E318261B
For IR Scope/IrScrutinizer: 
+9100 -4450 +600 -550 +550 -550 +600 -550 +600 -500 +550 -600 +600 -500 +600 -550 +550 -550 +600 -1650 +550 -1700 +600 -1650 +600 -1650 +550 -1650 +600 -1650 +600 -1650 +550 -1700 +600 -1650 +600 -500 +600 -1650 +600 -550 +600 -500 +600 -550 +600 -1650 +550 -550 +600 -500 +650 -1650 +600 -500 +600 -1650 +600 -1650 +550 -1650 +650 -500 +550 -1700 +600 -127976
For Arduino sketch: 
unsigned int raw[68] = {9100,4450,600,550,550,550,600,550,600,500,550,600,600,500,600,550,550,550,600,1650,550,1700,600,1650,600,1650,550,1650,600,1650,600,1650,550,1700,600,1650,600,500,600,1650,600,550,600,500,600,550,600,1650,550,550,600,500,650,1650,600,500,600,1650,600,1650,550,1650,650,500,550,1700,600,};
irsend.sendRaw(raw,68,38);

9
Hash: 
FBC2D95
For IR Scope/IrScrutinizer: 
+9150 -4400 +650 -500 +550 -600 +550 -550 +600 -550 +550 -550 +600 -550 +600 -500 +500 -650 +600 -1600 +550 -1700 +650 -1600 +600 -1650 +550 -1700 +600 -1650 +550 -1700 +550 -1650 +650 -500 +550 -600 +600 -1600 +600 -550 +600 -1650 +550 -600 +550 -1650 +500 -650 +550 -1700 +550 -1650 +600 -550 +500 -1750 +600 -500 +550 -1700 +600 -550 +500 -1700 +650 -127976
For Arduino sketch: 
unsigned int raw[68] = {9150,4400,650,500,550,600,550,550,600,550,550,550,600,550,600,500,500,650,600,1600,550,1700,650,1600,600,1650,550,1700,600,1650,550,1700,550,1650,650,500,550,600,600,1600,600,550,600,1650,550,600,550,1650,500,650,550,1700,550,1650,600,550,500,1750,600,500,550,1700,600,550,500,1700,650,};
irsend.sendRaw(raw,68,38);

10
Hash: 
36B2B2E9
For IR Scope/IrScrutinizer: 
+9150 -4400 +600 -550 +500 -600 +600 -550 +600 -500 +500 -650 +550 -550 +600 -550 +550 -550 +600 -1650 +550 -1700 +600 -1650 +600 -1600 +550 -1700 +650 -1600 +600 -1650 +550 -1700 +600 -1650 +550 -550 +600 -1650 +600 -500 +600 -1650 +600 -550 +550 -1700 +600 -500 +600 -550 +500 -1700 +600 -550 +500 -1750 +600 -500 +550 -1700 +600 -550 +500 -1700 +650 -127976
For Arduino sketch: 
unsigned int raw[68] = {9150,4400,600,550,500,600,600,550,600,500,500,650,550,550,600,550,550,550,600,1650,550,1700,600,1650,600,1600,550,1700,650,1600,600,1650,550,1700,600,1650,550,550,600,1650,600,500,600,1650,600,550,550,1700,600,500,600,550,500,1700,600,550,500,1750,600,500,550,1700,600,550,500,1700,650,};
irsend.sendRaw(raw,68,38);

11
Hash: 
12A5B333
For IR Scope/IrScrutinizer: 
+9200 -4400 +600 -500 +550 -600 +600 -500 +600 -550 +550 -600 +550 -550 +600 -500 +550 -600 +600 -1650 +550 -1700 +600 -1650 +600 -1600 +550 -1700 +600 -1650 +600 -1650 +550 -1700 +600 -1650 +600 -500 +600 -550 +500 -1700 +650 -500 +550 -600 +600 -1600 +550 -600 +600 -500 +600 -1650 +600 -1650 +550 -600 +550 -1650 +550 -1700 +600 -550 +500 -1700 +650 -127976
For Arduino sketch: 
unsigned int raw[68] = {9200,4400,600,500,550,600,600,500,600,550,550,600,550,550,600,500,550,600,600,1650,550,1700,600,1650,600,1600,550,1700,600,1650,600,1650,550,1700,600,1650,600,500,600,550,500,1700,650,500,550,600,600,1600,550,600,600,500,600,1650,600,1650,550,600,550,1650,550,1700,600,550,500,1700,650,};
irsend.sendRaw(raw,68,38);

12
Hash: 
50C5D1F
For IR Scope/IrScrutinizer: 
+9150 -2150 +550 -127976
For Arduino sketch: 
unsigned int raw[4] = {9150,2150,550,};
irsend.sendRaw(raw,4,38);

13
Hash: 
DD9F6536
For IR Scope/IrScrutinizer: 
+9200 -4350 +650 -500 +550 -600 +600 -500 +600 -550 +500 -600 +600 -500 +650 -500 +500 -650 +550 -1650 +550 -1700 +600 -1650 +600 -1650 +550 -1700 +600 -1650 +600 -1650 +500 -1700 +600 -550 +550 -600 +600 -500 +600 -1650 +600 -500 +650 -500 +500 -1750 +600 -500 +600 -1650 +600 -1650 +600 -1650 +500 -600 +600 -1650 +550 -1700 +600 -500 +550 -1700 +600 -127976
For Arduino sketch: 
unsigned int raw[68] = {9200,4350,650,500,550,600,600,500,600,550,500,600,600,500,650,500,500,650,550,1650,550,1700,600,1650,600,1650,550,1700,600,1650,600,1650,500,1700,600,550,550,600,600,500,600,1650,600,500,650,500,500,1750,600,500,600,1650,600,1650,600,1650,500,600,600,1650,550,1700,600,500,550,1700,600,};
irsend.sendRaw(raw,68,38);

14
Hash: 
B08CB7DF
For IR Scope/IrScrutinizer: 
+9100 -4450 +650 -500 +550 -550 +600 -550 +600 -500 +550 -600 +600 -500 +650 -500 +550 -600 +550 -1650 +550 -1700 +600 -1650 +600 -1650 +550 -1700 +600 -1650 +600 -1600 +550 -1700 +600 -550 +550 -550 +600 -550 +550 -550 +550 -1700 +600 -550 +550 -1650 +650 -500 +550 -1700 +600 -1650 +600 -1600 +600 -1650 +600 -550 +550 -1700 +600 -500 +550 -1700 +600 -127976
For Arduino sketch: 
unsigned int raw[68] = {9100,4450,650,500,550,550,600,550,600,500,550,600,600,500,650,500,550,600,550,1650,550,1700,600,1650,600,1650,550,1700,600,1650,600,1600,550,1700,600,550,550,550,600,550,550,550,550,1700,600,550,550,1650,650,500,550,1700,600,1650,600,1600,600,1650,600,550,550,1700,600,500,550,1700,600,};
irsend.sendRaw(raw,68,38);

15
Hash: 
8B77B32C
For IR Scope/IrScrutinizer: 
+9150 -4400 +600 -500 +550 -600 +600 -500 +650 -500 +500 -650 +600 -500 +600 -500 +550 -600 +600 -1650 +500 -1750 +600 -1650 +600 -1600 +550 -1700 +600 -1650 +600 -1650 +500 -1750 +600 -1650 +550 -550 +600 -550 +500 -600 +600 -1650 +500 -650 +550 -1650 +500 -700 +500 -600 +600 -1650 +550 -1650 +600 -1650 +600 -550 +550 -1650 +600 -550 +550 -1650 +650 -127976
For Arduino sketch: 
unsigned int raw[68] = {9150,4400,600,500,550,600,600,500,650,500,500,650,600,500,600,500,550,600,600,1650,500,1750,600,1650,600,1600,550,1700,600,1650,600,1650,500,1750,600,1650,550,550,600,550,500,600,600,1650,500,650,550,1650,500,700,500,600,600,1650,550,1650,600,1650,600,550,550,1650,600,550,550,1650,650,};
irsend.sendRaw(raw,68,38);

16
Hash: 
9905E4DA
For IR Scope/IrScrutinizer: 
+9150 -2150 +750 -1550 +600 -500 +550 -600 +550 -550 +600 -550 +550 -600 +550 -550 +600 -500 +550 -600 +600 -1650 +500 -1750 +550 -1700 +600 -1600 +600 -1650 +600 -1650 +600 -1650 +550 -1700 +600 -500 +550 -600 +600 -1650 +500 -1700 +600 -550 +550 -600 +600 -1600 +550 -600 +550 -1700 +550 -1650 +600 -550 +550 -600 +600 -1600 +550 -1700 +650 -500 +550 -1700 +600 -127976
For Arduino sketch: 
unsigned int raw[70] = {9150,2150,750,1550,600,500,550,600,550,550,600,550,550,600,550,550,600,500,550,600,600,1650,500,1750,550,1700,600,1600,600,1650,600,1650,600,1650,550,1700,600,500,550,600,600,1650,500,1700,600,550,550,600,600,1600,550,600,550,1700,550,1650,600,550,550,600,600,1600,550,1700,650,500,550,1700,600,};
irsend.sendRaw(raw,70,38);

17
Hash: 
488F3CBB
For IR Scope/IrScrutinizer: 
+9150 -4400 +650 -500 +550 -600 +550 -550 +600 -500 +600 -550 +600 -500 +600 -550 +550 -600 +600 -1600 +600 -1650 +600 -1650 +600 -1650 +550 -1700 +600 -1650 +600 -1600 +600 -1650 +600 -550 +550 -600 +550 -1650 +550 -1700 +600 -1650 +600 -500 +650 -500 +550 -600 +550 -1650 +600 -1650 +600 -550 +500 -600 +600 -550 +600 -1650 +550 -1700 +550 -1650 +650 -127976
For Arduino sketch: 
unsigned int raw[68] = {9150,4400,650,500,550,600,550,550,600,500,600,550,600,500,600,550,550,600,600,1600,600,1650,600,1650,600,1650,550,1700,600,1650,600,1600,600,1650,600,550,550,600,550,1650,550,1700,600,1650,600,500,650,500,550,600,550,1650,600,1650,600,550,500,600,600,550,600,1650,550,1700,550,1650,650,};
irsend.sendRaw(raw,68,38);

18
Hash: 
C121F600
For IR Scope/IrScrutinizer: 
+9200 -4400 +550 -550 +500 -650 +600 -500 +600 -550 +500 -600 +600 -550 +600 -500 +550 -600 +600 -1650 +500 -1700 +600 -1700 +550 -1650 +550 -1700 +600 -1650 +600 -1650 +500 -1750 +550 -1700 +600 -500 +600 -1650 +600 -1650 +500 -1700 +650 -500 +550 -600 +600 -500 +600 -550 +500 -1700 +650 -500 +550 -600 +600 -500 +600 -1650 +600 -1650 +500 -1750 +600 -127976
For Arduino sketch: 
unsigned int raw[68] = {9200,4400,550,550,500,650,600,500,600,550,500,600,600,550,600,500,550,600,600,1650,500,1700,600,1700,550,1650,550,1700,600,1650,600,1650,500,1750,550,1700,600,500,600,1650,600,1650,500,1700,650,500,550,600,600,500,600,550,500,1700,650,500,550,600,600,500,600,1650,600,1650,500,1750,600,};
irsend.sendRaw(raw,68,38);

19
Hash: 
8F9DD2ED
For IR Scope/IrScrutinizer: 
+9150 -4400 +650 -500 +500 -600 +600 -550 +600 -500 +550 -600 +600 -500 +600 -550 +550 -600 +600 -1600 +550 -1700 +600 -1650 +600 -1650 +550 -1700 +600 -1650 +550 -1650 +550 -1700 +600 -550 +500 -1700 +650 -1650 +550 -1650 +550 -1700 +600 -550 +500 -600 +600 -500 +600 -1700 +550 -550 +600 -500 +550 -600 +600 -500 +650 -1600 +600 -1650 +500 -1750 +600 -127976
For Arduino sketch: 
unsigned int raw[68] = {9150,4400,650,500,500,600,600,550,600,500,550,600,600,500,600,550,550,600,600,1600,550,1700,600,1650,600,1650,550,1700,600,1650,550,1650,550,1700,600,550,500,1700,650,1650,550,1650,550,1700,600,550,500,600,600,500,600,1700,550,550,600,500,550,600,600,500,650,1600,600,1650,500,1750,600,};
irsend.sendRaw(raw,68,38);

20
Hash: 
E721C0DB
For IR Scope/IrScrutinizer: 
+9150 -4400 +600 -550 +550 -550 +600 -550 +600 -500 +550 -600 +600 -500 +650 -500 +550 -600 +550 -1650 +550 -1700 +600 -1650 +600 -1650 +550 -1700 +550 -1700 +550 -1650 +600 -1650 +650 -1600 +600 -1650 +550 -1700 +600 -1650 +600 -1600 +600 -550 +600 -500 +650 -500 +550 -600 +600 -500 +600 -550 +500 -600 +600 -500 +600 -1700 +550 -1650 +550 -1700 +600 -127976
For Arduino sketch: 
unsigned int raw[68] = {9150,4400,600,550,550,550,600,550,600,500,550,600,600,500,650,500,550,600,550,1650,550,1700,600,1650,600,1650,550,1700,550,1700,550,1650,600,1650,650,1600,600,1650,550,1700,600,1650,600,1600,600,550,600,500,650,500,550,600,600,500,600,550,500,600,600,500,600,1700,550,1650,550,1700,600,};
irsend.sendRaw(raw,68,38);

21
Hash: 
3D9AE3F7
For IR Scope/IrScrutinizer: 
+9150 -4400 +650 -500 +550 -600 +600 -500 +600 -550 +550 -550 +600 -550 +600 -500 +600 -550 +600 -1650 +550 -1650 +650 -1650 +550 -1650 +550 -1700 +600 -1650 +600 -1650 +550 -1700 +600 -500 +550 -600 +550 -550 +650 -1600 +600 -1650 +550 -600 +550 -550 +600 -550 +550 -1650 +650 -1600 +600 -1650 +550 -600 +600 -500 +650 -1600 +600 -1650 +550 -1700 +600 -127976
For Arduino sketch: 
unsigned int raw[68] = {9150,4400,650,500,550,600,600,500,600,550,550,550,600,550,600,500,600,550,600,1650,550,1650,650,1650,550,1650,550,1700,600,1650,600,1650,550,1700,600,500,550,600,550,550,650,1600,600,1650,550,600,550,550,600,550,550,1650,650,1600,600,1650,550,600,600,500,650,1600,600,1650,550,1700,600,};
irsend.sendRaw(raw,68,38);

22
Hash: 
75FE3264
For IR Scope/IrScrutinizer: 
+9150 -4450 +600 -550 +550 -600 +550 -500 +650 -500 +600 -550 +600 -500 +600 -550 +550 -600 +550 -1650 +500 -1750 +650 -1600 +600 -1600 +550 -1700 +650 -1600 +600 -1650 +600 -1650 +600 -1650 +600 -550 +600 -500 +600 -1650 +600 -1650 +600 -550 +550 -550 +550 -600 +550 -550 +600 -1650 +600 -1650 +550 -600 +550 -550 +600 -1650 +600 -1600 +600 -1650 +600 -127976
For Arduino sketch: 
unsigned int raw[68] = {9150,4450,600,550,550,600,550,500,650,500,600,550,600,500,600,550,550,600,550,1650,500,1750,650,1600,600,1600,550,1700,650,1600,600,1650,600,1650,600,1650,600,550,600,500,600,1650,600,1650,600,550,550,550,550,600,550,550,600,1650,600,1650,550,600,550,550,600,1650,600,1600,600,1650,600,};
irsend.sendRaw(raw,68,38);

23
Hash: 
159CCB4
For IR Scope/IrScrutinizer: 
+9150 -4450 +600 -500 +500 -650 +600 -500 +650 -500 +500 -650 +550 -550 +600 -500 +550 -600 +600 -1650 +500 -1750 +600 -1650 +600 -1600 +550 -1700 +650 -1600 +600 -1650 +500 -1750 +600 -500 +550 -1700 +650 -500 +500 -1750 +600 -1650 +600 -500 +600 -550 +500 -600 +600 -1650 +500 -650 +600 -1600 +550 -600 +600 -550 +600 -1650 +600 -1600 +550 -1700 +600 -127976
For Arduino sketch: 
unsigned int raw[68] = {9150,4450,600,500,500,650,600,500,650,500,500,650,550,550,600,500,550,600,600,1650,500,1750,600,1650,600,1600,550,1700,650,1600,600,1650,500,1750,600,500,550,1700,650,500,500,1750,600,1650,600,500,600,550,500,600,600,1650,500,650,600,1600,550,600,600,550,600,1650,600,1600,550,1700,600,};
irsend.sendRaw(raw,68,38);

24
Hash: 
B4E53F38
For IR Scope/IrScrutinizer: 
+9150 -4450 +600 -500 +550 -600 +600 -500 +650 -500 +500 -650 +600 -500 +600 -500 +550 -600 +600 -1650 +550 -1700 +600 -1650 +600 -1600 +550 -1700 +650 -1600 +600 -1650 +550 -1700 +600 -1650 +600 -1650 +500 -600 +600 -1650 +500 -1750 +600 -500 +550 -600 +600 -500 +650 -500 +500 -650 +600 -1600 +550 -600 +600 -500 +650 -1600 +600 -1650 +500 -1750 +600 -127976
For Arduino sketch: 
unsigned int raw[68] = {9150,4450,600,500,550,600,600,500,650,500,500,650,600,500,600,500,550,600,600,1650,550,1700,600,1650,600,1600,550,1700,650,1600,600,1650,550,1700,600,1650,600,1650,500,600,600,1650,500,1750,600,500,550,600,600,500,650,500,500,650,600,1600,550,600,600,500,650,1600,600,1650,500,1750,600,};
irsend.sendRaw(raw,68,38);

25
Hash: 
50BB773E
For IR Scope/IrScrutinizer: 
+9150 -4400 +600 -550 +500 -600 +600 -550 +600 -500 +500 -650 +600 -500 +650 -500 +500 -600 +600 -1650 +550 -1700 +600 -1650 +600 -1650 +500 -1700 +650 -1650 +550 -1650 +550 -1700 +600 -550 +500 -600 +600 -1650 +500 -650 +600 -1600 +550 -600 +600 -500 +650 -500 +500 -1750 +600 -1650 +600 -500 +600 -1650 +600 -500 +650 -1600 +600 -1650 +550 -1700 +600 -127976
For Arduino sketch: 
unsigned int raw[68] = {9150,4400,600,550,500,600,600,550,600,500,500,650,600,500,650,500,500,600,600,1650,550,1700,600,1650,600,1650,500,1700,650,1650,550,1650,550,1700,600,550,500,600,600,1650,500,650,600,1600,550,600,600,500,650,500,500,1750,600,1650,600,500,600,1650,600,500,650,1600,600,1650,550,1700,600,};
irsend.sendRaw(raw,68,38);

26
Hash: 
A3C8EDDB
For IR Scope/IrScrutinizer: 
+9200 -4350 +650 -500 +550 -600 +550 -550 +600 -500 +550 -600 +600 -500 +600 -550 +550 -600 +550 -1650 +550 -1700 +600 -1650 +600 -1650 +550 -1700 +600 -1650 +600 -1600 +550 -1700 +600 -1650 +600 -550 +550 -1700 +550 -550 +600 -1650 +600 -500 +650 -500 +550 -600 +550 -550 +600 -1650 +600 -500 +650 -1600 +600 -500 +650 -1650 +600 -1600 +550 -1700 +600 -127976
For Arduino sketch: 
unsigned int raw[68] = {9200,4350,650,500,550,600,550,550,600,500,550,600,600,500,600,550,550,600,550,1650,550,1700,600,1650,600,1650,550,1700,600,1650,600,1600,550,1700,600,1650,600,550,550,1700,550,550,600,1650,600,500,650,500,550,600,550,550,600,1650,600,500,650,1600,600,500,650,1650,600,1600,550,1700,600,};
irsend.sendRaw(raw,68,38);

27
Hash: 
50C5D1F
For IR Scope/IrScrutinizer: 
+9150 -2200 +500 -127976
For Arduino sketch: 
unsigned int raw[4] = {9150,2200,500,};
irsend.sendRaw(raw,4,38);

28
Hash: 
C101E57B
For IR Scope/IrScrutinizer: 
+9150 -4400 +600 -500 +550 -600 +600 -500 +600 -550 +550 -600 +600 -500 +600 -550 +500 -600 +600 -1650 +500 -1750 +600 -1650 +600 -1600 +550 -1700 +650 -1600 +600 -1650 +550 -1700 +600 -500 +550 -1700 +600 -1650 +600 -500 +600 -1700 +550 -550 +600 -500 +550 -600 +600 -1650 +500 -600 +600 -550 +600 -1650 +600 -500 +600 -1650 +600 -1650 +500 -1750 +550 -127976
For Arduino sketch: 
unsigned int raw[68] = {9150,4400,600,500,550,600,600,500,600,550,550,600,600,500,600,550,500,600,600,1650,500,1750,600,1650,600,1600,550,1700,650,1600,600,1650,550,1700,600,500,550,1700,600,1650,600,500,600,1700,550,550,600,500,550,600,600,1650,500,600,600,550,600,1650,600,500,600,1650,600,1650,500,1750,550,};
irsend.sendRaw(raw,68,38);

29
Hash: 
50C5D1F
For IR Scope/IrScrutinizer: 
+9200 -2150 +550 -127976
For Arduino sketch: 
unsigned int raw[4] = {9200,2150,550,};
irsend.sendRaw(raw,4,38);

30
Hash: 
F8C4AAE8
For IR Scope/IrScrutinizer: 
+9200 -4400 +600 -550 +550 -550 +600 -550 +600 -500 +600 -550 +600 -500 +650 -500 +550 -600 +600 -1650 +500 -1700 +650 -1650 +600 -1600 +600 -1650 +650 -1600 +600 -1650 +550 -1700 +600 -1650 +600 -1650 +550 -1700 +600 -500 +600 -1650 +650 -500 +550 -600 +600 -500 +600 -550 +550 -550 +600 -550 +600 -1650 +600 -500 +650 -1600 +600 -1650 +550 -1700 +600 -127976
For Arduino sketch: 
unsigned int raw[68] = {9200,4400,600,550,550,550,600,550,600,500,600,550,600,500,650,500,550,600,600,1650,500,1700,650,1650,600,1600,600,1650,650,1600,600,1650,550,1700,600,1650,600,1650,550,1700,600,500,600,1650,650,500,550,600,600,500,600,550,550,550,600,550,600,1650,600,500,650,1600,600,1650,550,1700,600,};
irsend.sendRaw(raw,68,38);

31
Hash: 
9716BE3F
For IR Scope/IrScrutinizer: 
+9150 -4450 +600 -500 +600 -550 +600 -500 +600 -550 +550 -600 +550 -550 +600 -550 +550 -550 +600 -1650 +550 -1700 +600 -1650 +600 -1650 +550 -1700 +550 -1700 +550 -1700 +550 -1650 +600 -550 +550 -600 +600 -1600 +600 -1650 +600 -550 +550 -600 +600 -500 +600 -550 +550 -1650 +600 -1700 +550 -550 +600 -500 +550 -1700 +650 -1600 +600 -1650 +600 -1650 +600 -127976
For Arduino sketch: 
unsigned int raw[68] = {9150,4450,600,500,600,550,600,500,600,550,550,600,550,550,600,550,550,550,600,1650,550,1700,600,1650,600,1650,550,1700,550,1700,550,1700,550,1650,600,550,550,600,600,1600,600,1650,600,550,550,600,600,500,600,550,550,1650,600,1700,550,550,600,500,550,1700,650,1600,600,1650,600,1650,600,};
irsend.sendRaw(raw,68,38);

32
Hash: 
61E3EE44
For IR Scope/IrScrutinizer: 
+9150 -4400 +600 -550 +550 -550 +600 -550 +600 -500 +550 -600 +600 -500 +650 -500 +550 -550 +600 -1650 +500 -1750 +650 -1600 +600 -1650 +550 -1650 +600 -1650 +600 -1650 +550 -1700 +600 -500 +600 -1650 +650 -1600 +600 -1650 +550 -600 +550 -550 +600 -500 +600 -550 +600 -1650 +550 -550 +600 -550 +600 -500 +600 -1650 +600 -1650 +600 -1650 +550 -1700 +600 -127976
For Arduino sketch: 
unsigned int raw[68] = {9150,4400,600,550,550,550,600,550,600,500,550,600,600,500,650,500,550,550,600,1650,500,1750,650,1600,600,1650,550,1650,600,1650,600,1650,550,1700,600,500,600,1650,650,1600,600,1650,550,600,550,550,600,500,600,550,600,1650,550,550,600,550,600,500,600,1650,600,1650,600,1650,550,1700,600,};
irsend.sendRaw(raw,68,38);

33
Hash: 
35A9425F
For IR Scope/IrScrutinizer: 
+9150 -4400 +650 -500 +550 -600 +600 -500 +600 -550 +550 -550 +600 -550 +600 -500 +550 -600 +600 -1650 +550 -1650 +650 -1600 +600 -1650 +550 -1700 +600 -1650 +600 -1650 +550 -1650 +650 -1650 +550 -1650 +550 -1700 +600 -1650 +600 -500 +650 -500 +550 -600 +600 -500 +600 -550 +550 -550 +600 -500 +650 -500 +550 -1700 +600 -1650 +600 -1650 +550 -1650 +650 -127976
For Arduino sketch: 
unsigned int raw[68] = {9150,4400,650,500,550,600,600,500,600,550,550,550,600,550,600,500,550,600,600,1650,550,1650,650,1600,600,1650,550,1700,600,1650,600,1650,550,1650,650,1650,550,1650,550,1700,600,1650,600,500,650,500,550,600,600,500,600,550,550,550,600,500,650,500,550,1700,600,1650,600,1650,550,1650,650,};
irsend.sendRaw(raw,68,38);

34
Hash: 
50C5D1F
For IR Scope/IrScrutinizer: 
+9100 -2200 +550 -127976
For Arduino sketch: 
unsigned int raw[4] = {9100,2200,550,};
irsend.sendRaw(raw,4,38);

35
Hash: 
50C5D1F
For IR Scope/IrScrutinizer: 
+9150 -2150 +600 -127976
For Arduino sketch: 
unsigned int raw[4] = {9150,2150,600,};
irsend.sendRaw(raw,4,38);

36
Hash: 
D538681B
For IR Scope/IrScrutinizer: 
+9100 -4450 +600 -550 +550 -550 +600 -550 +550 -550 +550 -600 +550 -550 +600 -550 +550 -600 +550 -1650 +550 -1700 +600 -1650 +550 -1700 +550 -1700 +550 -1700 +550 -1650 +600 -1650 +600 -1650 +600 -1650 +550 -600 +550 -1650 +600 -550 +550 -600 +600 -500 +550 -600 +550 -550 +600 -550 +550 -1700 +550 -550 +550 -1700 +600 -1650 +550 -1700 +550 -1700 +550 -127976
For Arduino sketch: 
unsigned int raw[68] = {9100,4450,600,550,550,550,600,550,550,550,550,600,550,550,600,550,550,600,550,1650,550,1700,600,1650,550,1700,550,1700,550,1700,550,1650,600,1650,600,1650,600,1650,550,600,550,1650,600,550,550,600,600,500,550,600,550,550,600,550,550,1700,550,550,550,1700,600,1650,550,1700,550,1700,550,};
irsend.sendRaw(raw,68,38);

37
Hash: 
50C5D1F
For IR Scope/IrScrutinizer: 
+9150 -2200 +550 -127976
For Arduino sketch: 
unsigned int raw[4] = {9150,2200,550,};
irsend.sendRaw(raw,4,38);

38
Hash: 
50C5D1F
For IR Scope/IrScrutinizer: 
+9150 -2200 +600 -127976
For Arduino sketch: 
unsigned int raw[4] = {9150,2200,600,};
irsend.sendRaw(raw,4,38);

39
Hash: 
F076C13B
For IR Scope/IrScrutinizer: 
+9200 -4450 +550 -550 +550 -600 +550 -550 +600 -550 +550 -600 +600 -500 +600 -550 +550 -600 +550 -1650 +600 -1650 +600 -1650 +600 -1650 +550 -1700 +600 -1650 +550 -1700 +550 -1700 +550 -1700 +600 -1600 +600 -1650 +650 -500 +550 -600 +550 -550 +600 -550 +550 -550 +600 -550 +600 -500 +600 -550 +600 -1650 +550 -1700 +600 -1650 +600 -1650 +550 -1650 +600 -127976
For Arduino sketch: 
unsigned int raw[68] = {9200,4450,550,550,550,600,550,550,600,550,550,600,600,500,600,550,550,600,550,1650,600,1650,600,1650,600,1650,550,1700,600,1650,550,1700,550,1700,550,1700,600,1600,600,1650,650,500,550,600,550,550,600,550,550,550,600,550,600,500,600,550,600,1650,550,1700,600,1650,600,1650,550,1650,600,};
irsend.sendRaw(raw,68,38);

40
Hash: 
50C5D1F
For IR Scope/IrScrutinizer: 
+9150 -2200 +550 -127976
For Arduino sketch: 
unsigned int raw[4] = {9150,2200,550,};
irsend.sendRaw(raw,4,38);

41
Hash: 
FF9186B7
For IR Scope/IrScrutinizer: 
+9200 -4400 +600 -500 +600 -550 +600 -500 +650 -500 +550 -600 +600 -500 +650 -500 +550 -550 +600 -1650 +550 -1700 +600 -1650 +600 -1650 +550 -1700 +600 -1650 +600 -1650 +550 -1650 +650 -500 +550 -1700 +600 -1650 +600 -500 +650 -500 +600 -550 +600 -500 +650 -500 +550 -1700 +600 -500 +550 -600 +550 -1700 +550 -1650 +650 -1650 +600 -1600 +600 -1650 +650 -127976
For Arduino sketch: 
unsigned int raw[68] = {9200,4400,600,500,600,550,600,500,650,500,550,600,600,500,650,500,550,550,600,1650,550,1700,600,1650,600,1650,550,1700,600,1650,600,1650,550,1650,650,500,550,1700,600,1650,600,500,650,500,600,550,600,500,650,500,550,1700,600,500,550,600,550,1700,550,1650,650,1650,600,1600,600,1650,650,};
irsend.sendRaw(raw,68,38);

42
Hash: 
50C5D1F
For IR Scope/IrScrutinizer: 
+9150 -2150 +550 -127976
For Arduino sketch: 
unsigned int raw[4] = {9150,2150,550,};
irsend.sendRaw(raw,4,38);

43
Hash: 
172529CE
For IR Scope/IrScrutinizer: 
+9150 -4450 +600 -500 +500 -650 +600 -500 +650 -500 +500 -600 +600 -550 +600 -500 +550 -650 +550 -1650 +500 -1700 +650 -1650 +600 -1600 +600 -1650 +650 -1600 +600 -1650 +600 -1650 +600 -1650 +600 -550 +600 -1600 +600 -550 +600 -550 +500 -650 +550 -550 +600 -500 +600 -550 +600 -1600 +550 -650 +550 -1650 +600 -1650 +650 -1600 +600 -1650 +550 -1650 +650 -127976
For Arduino sketch: 
unsigned int raw[68] = {9150,4450,600,500,500,650,600,500,650,500,500,600,600,550,600,500,550,650,550,1650,500,1700,650,1650,600,1600,600,1650,650,1600,600,1650,600,1650,600,1650,600,550,600,1600,600,550,600,550,500,650,550,550,600,500,600,550,600,1600,550,650,550,1650,600,1650,650,1600,600,1650,550,1650,650,};
irsend.sendRaw(raw,68,38);

44
Hash: 
50C5D1F
For IR Scope/IrScrutinizer: 
+9150 -2250 +550 -127976
For Arduino sketch: 
unsigned int raw[4] = {9150,2250,550,};
irsend.sendRaw(raw,4,38);

45
Hash: 
B08CD65B
For IR Scope/IrScrutinizer: 
+9150 -4400 +600 -500 +550 -600 +600 -500 +650 -500 +500 -650 +550 -550 +600 -500 +550 -600 +600 -1650 +500 -1700 +650 -1650 +550 -1650 +500 -1750 +600 -1650 +600 -1650 +500 -1700 +650 -500 +500 -650 +550 -1650 +500 -650 +600 -500 +600 -550 +500 -600 +600 -550 +600 -1650 +550 -1650 +500 -650 +600 -1650 +500 -1700 +650 -1600 +600 -1650 +500 -1750 +600 -127976
For Arduino sketch: 
unsigned int raw[68] = {9150,4400,600,500,550,600,600,500,650,500,500,650,550,550,600,500,550,600,600,1650,500,1700,650,1650,550,1650,500,1750,600,1650,600,1650,500,1700,650,500,500,650,550,1650,500,650,600,500,600,550,500,600,600,550,600,1650,550,1650,500,650,600,1650,500,1700,650,1600,600,1650,500,1750,600,};
irsend.sendRaw(raw,68,38);
